20
4
10 15 25 30
4
15 20 25 40
3
3 3 3
8
60 90 61 62 63 91 92 93
11
5 14 30 32 39 46 47 47 30 58 47
2
1 100
2
100 1
2
1 31
2
1 21
2
80 100
3
1 2 3
3
98 99 100
1
1
1
100
1
50
2
50 80
2
51 80
2
51 79
10
1 4 9 16 25 36 49 64 81 100
100
1 2 3 4 5 6 7 8 9 10 11 12 13 14 15 16 17 18 19 20 21 22 23 24 25 26 27 28 29 30 31 32 33 34 35 36 37 38 39 40 41 42 43 44 45 46 47 48 49 50 51 52 53 54 55 56 57 58 59 60 61 62 63 64 65 66 67 68 69 70 71 72 73 74 75 76 77 78 79 80 81 82 83 84 85 86 87 88 89 90 91 92 93 94 95 96 97 98 99 100
