18
1 1 1 34
1200
2 3 2 10
100 10 1
3 3 3 3
1 2 3
4 2 2 7
5 8
999 1 999 6
3
1 1 1 1
1
10 10 1000000000 1000000000
1000000000 1000000000 1000000000 1000000000 1000000000 1000000000 1000000000 1000000000 1000000000 1000000000
10 1 1000000000 1000000000
1000000000
10 2 1000000000 1000000000
1000000000 999999999
10 2 1000000000 1000000000
1000000000 888888888
10 2 1000000000 1000000000
1000000000 777777777
10 2 1000000000 1000000000
1000000000 666666666
10 2 1000000000 1000000000
1000000000 555555555
1 2 3 4
5 6
1000000 2 3 4
5 6
10 20 30 40
50 60
3 3 1 1
1 1 1
3 2 1 1
1 1
