28
1 5 8
2
1 0 777777777
7
1 777777 7777777
777777777
2 9 20
8 2
5 40 140
4 9 1 12 7
1 1 2
10
5 21 22
10 10 10 10 10
5 21 31
10 10 10 10 10
5 21 41
10 10 10 10 10
5 26 46
10 10 10 10 10
5 21 51
10 10 10 10 10
5 41 71
10 10 10 10 10
5 58 59
10 10 10 10 10
5 51 61
10 10 10 10 10
5 51 91
10 10 10 10 10
5 234567891 987654321
10 10 10 10 10
5 58 62
10 10 10 10 10
5 48 52
10 10 10 10 10
5 58 63
10 10 10 10 10
5 48 53
10 10 10 10 10
3 234567891 987654321
1000000000 1000000000 1000000000
5 234567891 987654321
1000000000 1000000000 1000000000 1000000000 1000000000
1 0 1000000000
1
3 1 999999999
1 1 1
3 0 999999998
1 1 1
3 2 999999995
1 1 1
1 123456789 987654321
7777777
1 123456789 987654321
77777777
